stop_id_a,stop_id_b,distance
8501160:0:2,8592001,256.99756
8501160:0:2,8501181:0:1,424.9779
8501160:0:2,8592035,471.3363
8501160:0:2,8592135,406.20203
8501160:0:2,Parent8501181,424.9779
8501160:0:2,8592060,450.63678
8501160:0:2,8592134,445.84372
8501160:0:2,Parent8501160,0.0
8501160:0:2,8592041,406.62125
8501160:0:2,8579253,470.48544
8501160:0:2,8590442,457.98996
8501160:0:2,8592120,261.2718
8501160:0:2,8591818,467.92545
8501160:0:2,8591988,253.72694
8501160:0:2,8592098,142.78746
8501160:0:2,8592133,249.72884
8501160:0:2,8592004,363.8231
8501160:0:2,8592125,426.65997
8501160:0:2,8501181:0:2,424.9779
8501160:0:2,8592010,103.47198
8501160:0:2,8501181,424.9779
8501160:0:2,8592096,128.20598
8501160:0:2,8592122,412.76816
8501160:0:2,8501160,0.0
8501160:0:2,8592011,114.094025
8501160:0:2,8501160:0:1,0.0
8504176,8591982,121.87947
8504176,8592135,459.14706
8504176,8592034,449.3701
8504176,8510575,300.68185
8504176,8590442,324.80765
8504176,8592138,255.64398
8504176,8592071,242.13069
8504176,8592091,257.80637
8504176,8592125,266.1026
8579239:0:E,8589525,425.3193
8579239:0:E,8592128,361.88663
8579239:0:E,Parent8579239,0.0
8579239:0:E,8591971,322.93192
8579239:0:E,8579239:0:B,23.502913
8579239:0:E,8579239,0.0
8588842,8588843,397.637
8588842,8588841,407.99356
8588842,8595148,177.29279
8591940,8504178,471.55933
8591961,8591946,181.78293
8591961,8591954,422.6617
8591961,8591960,322.50293
8591961,8592248,469.1955
8591961,8591957,373.93396
8591961,8591951,407.2746
8591961,8501216,460.59476
8591961,8588873,376.70648
8592001,8501160:0:2,256.99756
8592001,8592035,290.10086
8592001,8592060,463.5626
8592001,8592134,486.65906
8592001,Parent8501160,256.99756
8592001,8591980,473.51193
8592001,8592041,167.95294
8592001,8592109,414.6199
8592001,8592120,313.46176
8592001,8592098,378.5991
8592001,8592133,274.99377
8592001,8592004,342.20636
8592001,8592010,154.5959
8592001,8591984,473.312
8592001,8592096,138.8161
8592001,8592122,319.3989
8592001,8501160,256.99756
8592001,8592011,340.633
8592001,8592036,439.97205
8592001,8501160:0:1,256.99756
8592045,8592009,318.90875
8592045,8592129,144.857
8592045,8591981,300.08908
8592045,8592083,122.56588
8592045,8592012,283.40063
8592045,8510574,209.04689
8592045,8591999,267.36514
8592045,8592043,423.5779
8592045,8592123,436.88855
8592067,8592115,226.01135
8592067,8592082,326.5159
8592067,8592111,451.16022
8592067,8592047,471.45068
8592067,8592059,268.50485
8592085,8592034,302.97885
8592085,8592060,482.73212
8592085,8592132,248.49907
8592085,8592003,122.10362
8592085,8592076,222.06192
8592085,8592082,382.66898
8592085,8592116,408.79968
8592085,8592071,490.44507
8592085,8592111,237.9118
8592085,8592033,193.98703
8592085,8592053,211.76338
8592193,8592186,218.97028
8592193,8592029,381.41766
8592193,8592197,313.44208
8592193,8592172,361.76617
8592193,8595936,497.01837
8592193,8592170,395.5226
8593837,8592068,79.180855
8593837,8592080,242.04959
8593837,8593838,97.63328
8593837,8595938,275.80817
8593837,8592044,348.2389
8593837,8595935,313.68118
8593844,8592106,177.72801
8593844,8501208,74.49929
8593844,8592021,284.3683
8593844,8518452:0:3,441.27252
8593844,8518452:0:1,434.40247
8593844,8501207,479.3095
8593844,8518452:0:4,444.67075
8593844,8501209,403.99597
8593844,8592103,422.7843
8593844,8592022,466.84644
8593844,8592105,151.3754
8593844,8518452:0:2,437.59802
8594986,8594987,366.1314
8594986,8593867,233.53178
8594986,8501212,409.98383
8594986,8507227,335.45056
8595005,8591994,429.91187
8595005,8595004,425.01874
8595005,8593249,473.4083
8595934,8592068,486.18573
8595934,8595939,443.85394
8595934,8591995,214.97563
8595934,8595935,368.23834
Parent8504010,8592149,149.11035
Parent8504010,8504010:0:2,59.32649
Parent8504010,8593795,380.4199
Parent8504010,8504010:0:1,57.86931
Parent8504010,8591976,36.42413
Parent8504010,8504010,0.0
Parent8504010,8592145,485.9737
Parent8504010,8592151,283.6044
8510528,8592226,261.27606
8510528,8595223,298.10242
8510528,8588157,216.07535
8510528,8510727,403.188
8510528,8510527,346.49448
8570422,8570423,303.38284
8570422,8570421,496.4396
8579234,8501213,456.0686
8579234,8591945,462.8919
8579234,8579233,223.96461
8579234,8591944,261.9669
8579234,8510727,451.45294
8579234,8592227,440.47064
8579234,8501214,269.95932
8588838,8510721,336.31314
8588838,8501118:0:5,187.44075
8588838,8501118:0:3,189.92113
8588838,8501218,441.4154
8588838,8530749,96.75792
8588838,8588983,103.05319
8588838,8593866,440.94937
8588838,8588839,199.29935
8588838,8501118:0:4,187.8971
8588838,8592202,326.04086
8588838,Parent8501118,64.03353
8588838,8510421,356.64273
8588838,8501118:0:1,192.7731
8588838,8501118:0:2,190.7442
8588838,8592201,470.9941
8588838,8592214,408.95908
8588838,8593869,254.09944
8591933,8591953,489.62668
8591933,8501218,393.30023
8591933,8501217,286.54248
8591933,8593866,470.86508
8591933,8507227,449.5805
8591933,8593869,357.3696
8591933,8593868,228.7388
8591953,8591933,489.62668
8591953,8501218,431.1045
8591953,8501217,495.2772
8591953,8591948,285.06332
8591953,8591955,376.88962
8591953,8591958,374.21866
8591982,8504176,121.87947
8591982,8510575,227.04022
8591982,8590442,427.14642
8591982,8592138,266.11078
8591982,8592071,285.29968
8591982,8592091,214.85255
8591982,8592125,387.51822
8591982,8592017,425.35315
8591982,8592059,492.9983
8591986,8592086,114.02841
8591986,8592026,444.10284
8591986,8592028,415.0902
8591986,8592024,491.25095
8591986,8592061,180.70842
8591986,8592039,467.0395
8591986,8595933,427.38824
8591986,8501075,358.8386
8592009,8592045,318.90875
8592009,8592051,494.92682
8592009,8592129,402.79764
8592009,8591981,209.74693
8592009,8592083,211.63174
8592009,8592012,485.4564
8592009,8510574,378.34778
8592009,8592074,303.04642
8592009,8592043,427.7621
8592009,8592123,329.24603
8592009,8592038,242.38878
8592055,8592089,72.95323
8592055,8592019,431.10898
8592055,8595004,124.979034
8592055,8587357,278.33017
8592055,8593249,235.78618
8592055,8592092,235.45016
8592068,8593837,79.180855
8592068,8595934,486.18573
8592068,8592080,261.03314
8592068,8593838,137.39127
8592068,8595938,346.59137
8592068,8591995,484.74738
8592068,8592044,408.53085
8592068,8595935,308.21506
8592106,8593844,177.72801
8592106,8501208,172.30966
8592106,8592080,383.67322
8592106,8592021,144.50392
8592106,8501207,406.7897
8592106,8592105,312.05466
8592119,8592035,332.29892
8592119,8592102,425.10046
8592119,8591980,108.10055
8592119,8592041,475.235
8592119,8592078,416.95163
8592119,8592109,185.1725
8592119,8592032,341.83328
8592119,8592104,341.22464
8592119,8591992,395.1253
8592119,8591984,450.4673
8592119,8592022,430.2847
8592119,8592036,336.38852
8592149,Parent8504010,149.11035
8592149,8504010:0:2,188.75174
8592149,8504010:0:1,182.00235
8592149,8592152,494.84393
8592149,8591976,172.03787
8592149,8504010,149.11035
8592149,8592145,479.30853
8592149,8592151,334.0222
8592149,8592157,398.13327
8592156,8592164,269.75674
8592156,8501318,62.098953
8592156,8592150,348.16565
8592156,8592160,447.51184
8592156,8592154,395.63324
8593806,8588436,223.54836
8593806,8595625,225.43234
8593806,8595190,149.75256
8593806,8593798,173.10399
8593806,8579257,344.44318
8594890,8591959,344.5935
8594890,8591956,438.71326
Parent8501122,8593861,28.987768
Parent8501122,8592164,329.13016
Parent8501122,8592155,434.60565
Parent8501122,8592162,455.84134
Parent8501122,8501122:0:2,49.162186
Parent8501122,8501122:0:1,49.31353
Parent8501122,8592160,274.04272
Parent8501122,8592154,298.81644
8501120:0:8,8501181:0:1,455.43802
8501120:0:8,Parent8501181,455.43802
8501120:0:8,8501120:0:5,0.0
8501120:0:8,8579254,441.93588
8501120:0:8,8592040,282.97427
8501120:0:8,8501120:0:3,0.0
8501120:0:8,Parent8501120,0.0
8501120:0:8,8592050:0:F,236.71092
8501120:0:8,8592050:0:H,99.84084
8501120:0:8,8579253,336.9602
8501120:0:8,8591818,406.3532
8501120:0:8,8592020,339.15115
8501120:0:8,8501120:0:70,0.0
8501120:0:8,8592027,361.37332
8501120:0:8,8501120:0:6,0.0
8501120:0:8,8592050:0:C,99.84084
8501120:0:8,8592050,99.84084
8501120:0:8,8592050:0:D,99.84084
8501120:0:8,8592072,437.97305
8501120:0:8,8501181:0:2,455.43802
8501120:0:8,8592052,208.01761
8501120:0:8,8501120:0:7,0.0
8501120:0:8,8501120:0:1,0.0
8501120:0:8,8501120,0.0
8501120:0:8,8501181,455.43802
8501120:0:8,8592079,329.20386
8501120:0:8,Parent8592050,99.84084
8501120:0:8,8501120:0:4,0.0
8501169:0:2,8570064,326.07803
8501169:0:2,Parent8501169,0.0
8501169:0:2,8501169:0:1,0.0
8501169:0:2,8570063,67.72326
8501169:0:2,8501169,0.0
8501170:0:1,8501170,0.0
8501213,8579234,456.0686
8501213,8591945,434.4321
8501213,8596053,432.8008
8501213,8591944,268.97287
8501213,8501212,496.22635
8510721,8588838,336.31314
8510721,8501218,148.48877
8510721,8530749,249.76454
8510721,8588983,382.2503
8510721,8588839,360.84464
8510721,Parent8501118,331.03482
8510721,8510421,426.55457
8510721,8593815,417.5286
8510721,8593869,267.91962
8510721,8591958,386.17877
8557141,8504758,118.057755
8557141,8595474,487.93625
8557141,8570425,419.59998
8557141,8504166,408.42664
8579260,8592161,172.52316
8579260,8588438,217.12312
8581922,8594178,460.49344
8581922,8581924,162.24199
8581922,8594177,231.48582
8581922,8581916,242.45636
8581922,8581920,490.6695
8581922,8581921,150.95569
8588432,8592023,259.6028
8588432,8592191,460.03485
8588432,8592042,449.64746
8588432,8579255,415.8453
8591930,8591935,443.39224
8591930,8591931,206.97816
8591952,8591946,498.89194
8591952,8591954,290.09195
8591952,8501215,452.5063
8591952,8591956,338.21964
8591952,8591947,127.12517
8591952,8591949,153.46494
8591952,8591951,326.66293
8592175,8592173,481.38974
8592175,8501163,84.84562
8592175,8592030,447.69797
8592175,8592192,401.30975
8592175,8592176,268.00876
8592175,8592187,346.5381
8592175,8501163:0:1,84.84562
8592178,8592208,234.75595
8592178,8592206,326.1353
8592178,8592192,350.31946
8592178,8592212,465.5866
8592178,8592207,399.55557
8592178,8592222,460.6521
8592189,8592169,295.7083
8592189,8592199,370.06903
8592189,8595191,373.59515
8592189,8592195,348.9435
8592189,8593850,438.26453
8592189,8592168,300.27652
8595939,8595934,443.85394
8595939,8591995,477.34888
8595939,8592114,420.7259
8501118:0:5,8588838,187.44075
8501118:0:5,8592209,496.62622
8501118:0:5,8501118:0:3,13.395679
8501118:0:5,8530749,262.41724
8501118:0:5,8588983,137.4605
8501118:0:5,8593866,348.18857
8501118:0:5,8588839,342.9538
8501118:0:5,8501118:0:4,5.4824514
8501118:0:5,8592202,283.5971
8501118:0:5,Parent8501118,181.70978
8501118:0:5,8510421,496.96426
8501118:0:5,8592213,430.5245
8501118:0:5,8501118:0:1,25.3291
8501118:0:5,8501118:0:2,17.00221
8501118:0:5,8593869,348.22852
8501181:0:1,8501160:0:2,424.9779
8501181:0:1,8501120:0:8,455.43802
8501181:0:1,Parent8501181,0.0
8501181:0:1,8501120:0:5,455.43802
8501181:0:1,Parent8501160,424.9779
8501181:0:1,8579254,289.19604
8501181:0:1,8501120:0:3,455.43802
8501181:0:1,Parent8501120,455.43802
8501181:0:1,8592050:0:F,422.53848
8501181:0:1,8592050:0:H,359.1886
8501181:0:1,8579253,122.82039
8501181:0:1,8590442,284.40012
8501181:0:1,8591818,54.007874
8501181:0:1,8591988,191.45209
8501181:0:1,8501120:0:70,455.43802
8501181:0:1,8592098,290.8989
8501181:0:1,8501120:0:6,455.43802
8501181:0:1,8592050:0:C,359.1886
8501181:0:1,8592133,498.9176
8501181:0:1,8592050,359.1886
8501181:0:1,8592050:0:D,359.1886
8501181:0:1,8592125,423.4987
8501181:0:1,8501181:0:2,0.0
8501181:0:1,8501120:0:7,455.43802
8501181:0:1,8501120:0:1,455.43802
8501181:0:1,8501120,455.43802
8501181:0:1,8501181,0.0
8501181:0:1,Parent8592050,359.1886
8501181:0:1,8501160,424.9779
8501181:0:1,8501120:0:4,455.43802
8501181:0:1,8592011,407.73706
8501181:0:1,8501160:0:1,424.9779
8501208,8593844,74.49929
8501208,8592106,172.30966
8501208,8592102,450.06818
8501208,8592021,241.66927
8501208,8518452:0:3,494.64563
8501208,8518452:0:1,489.49466
8501208,8501207,409.0584
8501208,8518452:0:4,497.29803
8501208,8501209,477.22647
8501208,8592103,442.90872
8501208,8592022,402.6583
8501208,8592105,215.86086
8501208,8518452:0:2,491.95267
8506907,8506903,428.7513
8506907,8581917,324.75302
8506907,8581918,435.5788
8506907,8505529,169.35074
8506907,8506905,191.3803
8570423,8570422,303.38284
8579238:0:D,8592115,440.40628
8579238:0:D,8592118,301.92072
8579238:0:D,8592099,461.0011
8579238:0:D,8579238,0.0
8579238:0:D,8592008,332.7192
8579238:0:D,8592131,218.76044
8587546,8591968,379.16177
8589525,8579239:0:E,425.3193
8589525,8591966,473.60287
8589525,Parent8579239,425.3193
8589525,8579239:0:B,440.44128
8589525,8579239,425.3193
8589525,8591970,456.02274
8591946,8591961,181.78293
8591946,8591952,498.89194
8591946,8591954,247.74388
8591946,8501215,492.3076
8591946,8591960,481.22794
8591946,8591947,468.6141
8591946,8591949,490.1091
8591946,8591951,247.92633
8591946,8501216,469.92242
8591946,8588873,474.1943
8592035,8501160:0:2,471.3363
8592035,8592001,290.10086
8592035,8592119,332.29892
8592035,8592060,344.70297
8592035,Parent8501160,471.3363
8592035,8591980,237.2857
8592035,8592041,349.39355
8592035,8592109,326.45102
8592035,8592120,326.84998
8592035,8592104,294.0355
8592035,8592010,381.27933
8592035,8591984,220.31961
8592035,8592096,399.1839
8592035,8501160,471.3363
8592035,8592011,497.25702
8592035,8592036,450.96423
8592035,8501160:0:1,471.3363
8592049,8518452:0:3,198.65674
8592049,8518452:0:1,214.30643
8592049,8510543,188.83812
8592049,Parent8518452,191.07657
8592049,8518452:0:4,191.76935
8592049,8592217,451.30582
8592049,8501209,454.55127
8592049,8592103,242.01604
8592049,8592180,404.20242
8592049,8592179,332.4204
8592049,8592105,467.67566
8592049,8518452:0:2,207.34944
8592080,8593837,242.04959
8592080,8592068,261.03314
8592080,8592106,383.67322
8592080,8591983,399.1555
8592080,8592021,353.74295
8592080,8593838,336.84747
8592080,8595938,437.60336
8592080,8592044,227.8297
8592089,8592055,72.95323
8592089,8592019,380.32587
8592089,8595004,183.28061
8592089,8587357,247.64229
8592089,8593249,279.97812
8592089,8592092,177.16962
8592115,8592067,226.01135
8592115,8579238:0:D,440.40628
8592115,8592016,417.99225
8592115,8579238,440.40628
8592115,8592059,419.85678
8592135,8501160:0:2,406.20203
8592135,8504176,459.14706
8592135,8592034,261.5062
8592135,8592060,199.98431
8592135,Parent8501160,406.20203
8592135,8592076,434.91406
8592135,8590442,450.71152
8592135,8592120,215.65616
8592135,8591988,459.3979
8592135,8592098,486.72565
8592135,8592138,439.57565
8592135,8592071,368.00412
8592135,8592125,287.11435
8592135,8592010,430.23767
8592135,8591984,433.65106
8592135,8592096,481.9358
8592135,8501160,406.20203
8592135,8592033,354.64124
8592135,8592011,308.0618
8592135,8592053,459.7834
8592135,8501160:0:1,406.20203
8593861,Parent8501122,28.987768
8593861,8592164,300.1616
8593861,8592155,452.98154
8593861,8592162,471.74374
8593861,8501122:0:2,34.900253
8593861,8501122:0:1,30.868025
8593861,8592160,269.4826
8593861,8592154,271.99576
Parent8501181,8501160:0:2,424.9779
Parent8501181,8501120:0:8,455.43802
Parent8501181,8501181:0:1,0.0
Parent8501181,8501120:0:5,455.43802
Parent8501181,Parent8501160,424.9779
Parent8501181,8579254,289.19604
Parent8501181,8501120:0:3,455.43802
Parent8501181,Parent8501120,455.43802
Parent8501181,8592050:0:F,422.53848
Parent8501181,8592050:0:H,359.1886
Parent8501181,8579253,122.82039
Parent8501181,8590442,284.40012
Parent8501181,8591818,54.007874
Parent8501181,8591988,191.45209
Parent8501181,8501120:0:70,455.43802
Parent8501181,8592098,290.8989
Parent8501181,8501120:0:6,455.43802
Parent8501181,8592050:0:C,359.1886
Parent8501181,8592133,498.9176
Parent8501181,8592050,359.1886
Parent8501181,8592050:0:D,359.1886
Parent8501181,8592125,423.4987
Parent8501181,8501181:0:2,0.0
Parent8501181,8501120:0:7,455.43802
Parent8501181,8501120:0:1,455.43802
Parent8501181,8501120,455.43802
Parent8501181,8501181,0.0
Parent8501181,Parent8592050,359.1886
Parent8501181,8501160,424.9779
Parent8501181,8501120:0:4,455.43802
Parent8501181,8592011,407.73706
Parent8501181,8501160:0:1,424.9779
8501120:0:5,8501120:0:8,0.0
8501120:0:5,8501181:0:1,455.43802
8501120:0:5,Parent8501181,455.43802
8501120:0:5,8579254,441.93588
8501120:0:5,8592040,282.97427
8501120:0:5,8501120:0:3,0.0
8501120:0:5,Parent8501120,0.0
8501120:0:5,8592050:0:F,236.71092
8501120:0:5,8592050:0:H,99.84084
8501120:0:5,8579253,336.9602
8501120:0:5,8591818,406.3532
8501120:0:5,8592020,339.15115
8501120:0:5,8501120:0:70,0.0
8501120:0:5,8592027,361.37332
8501120:0:5,8501120:0:6,0.0
8501120:0:5,8592050:0:C,99.84084
8501120:0:5,8592050,99.84084
8501120:0:5,8592050:0:D,99.84084
8501120:0:5,8592072,437.97305
8501120:0:5,8501181:0:2,455.43802
8501120:0:5,8592052,208.01761
8501120:0:5,8501120:0:7,0.0
8501120:0:5,8501120:0:1,0.0
8501120:0:5,8501120,0.0
8501120:0:5,8501181,455.43802
8501120:0:5,8592079,329.20386
8501120:0:5,Parent8592050,99.84084
8501120:0:5,8501120:0:4,0.0
8504010:0:2,Parent8504010,59.32649
8504010:0:2,8592149,188.75174
8504010:0:2,8593795,324.07773
8504010:0:2,8504010:0:1,8.312039
8504010:0:2,8591976,80.544975
8504010:0:2,8504010,59.32649
8504010:0:2,8592151,331.2723
8509297,8592161,446.4096
8509297,8592146,229.38832
8509297,8593856,360.4388
8509297,Parent8504003,275.2485
8509297,8504003,275.2485
8509297,8504003:0:1,255.62314
8509297,8588451,313.44376
8509297,8504003:0:2,262.50674
8509297,8592153,354.03372
8557026,Parent8570420,347.65323
8557026,8570420:0:D,347.65323
8557026,8570420:0:A,347.65323
8557026,8570420:0:B,347.65323
8557026,8570420:0:C,347.65323
8588446,8588445,259.95358
8588446,8595192,267.47632
8588446,8588443,463.83542
8588446,Parent8504000,492.45627
8588446,8588445:0:B,289.3533
8588446,Parent8588445,259.95358
8588446,8592195,355.2946
8588446,8501121:0:2,269.13165
8588446,8588445:0:D,302.1473
8588446,8593850,402.23895
8588446,8588447,342.18878
8588446,Parent8501121,194.17233
8588446,8501121:0:1,287.85773
8588446,8504000,492.45627
8588446,8592188,355.30713
8591945,8579234,462.8919
8591945,8501213,434.4321
8591945,8596053,280.04782
8591945,8591944,251.78403
8591945,8592227,337.26755
8592034,8504176,449.3701
8592034,8592085,302.97885
8592034,8592135,261.5062
8592034,8592060,338.12115
8592034,8592003,404.48914
8592034,8592076,333.12384
8592034,8592120,458.19614
8592034,8592138,284.80618
8592034,8592071,235.43307
8592034,8592091,396.0479
8592034,8592111,476.3854
8592034,8592125,431.72287
8592034,8592033,221.98474
8592034,8592053,198.3565
8592034,8592059,483.04294
8592060,8501160:0:2,450.63678
8592060,8592001,463.5626
8592060,8592085,482.73212
8592060,8592035,344.70297
8592060,8592135,199.98431
8592060,8592034,338.12115
8592060,Parent8501160,450.63678
8592060,8592076,320.47345
8592060,8592120,189.75565
8592060,8592104,428.89526
8592060,8592125,481.94516
8592060,8592010,426.6145
8592060,8591984,234.11069
8592060,8592096,474.6411
8592060,8501160,450.63678
8592060,8592033,289.19965
8592060,8592011,391.99127
8592060,8501160:0:1,450.63678
8592102,8592119,425.10046
8592102,8501208,450.06818
8592102,8592078,376.7812
8592102,8592109,432.62057
8592102,8592103,441.45285
8592102,8592022,141.55708
8592102,8592036,426.46927
8592134,8501160:0:2,445.84372
8592134,8592001,486.65906
8592134,Parent8501160,445.84372
8592134,8592040,429.33273
8592134,8592041,486.54874
8592134,8579253,456.43835
8592134,8592046,490.93484
8592134,8592098,389.11166
8592134,8592133,220.22719
8592134,8592004,154.78488
8592134,8592010,456.58173
8592134,8592097,435.40256
8592134,8592096,412.03815
8592134,8592122,240.89961
8592134,8501160,445.84372
8592134,8501160:0:1,445.84372
8592169,8592189,295.7083
8592169,8592167,217.84558
8592169,8592168,173.05008
8592173,8592175,481.38974
8592173,8501162,327.7927
8592173,Parent8501162,327.7927
8592173,8592192,333.84192
8592173,8501162:0:1,327.7927
8592173,8501162:0:2,327.7927
8592173,8592180,371.01447
8592173,8592181,283.20776
8592209,8501118:0:5,496.62622
8592209,8501118:0:3,490.22867
8592209,8593866,396.66046
8592209,8501118:0:4,494.37927
8592209,8510422,416.2166
8592209,8592213,455.94513
8592209,8501118:0:1,484.878
8592209,8501118:0:2,488.5547
8592209,8592221,468.0055
8592209,8592218,166.38437
8592209,8595534,241.71092
8595215:0:2,8595217,263.42966
8595215:0:2,Parent8595215,0.0
8595215:0:2,8595215:0:1,0.0
8595215:0:2,Parent8595214,416.85446
8595215:0:2,8595214,416.85446
8595215:0:2,8595214:0:1,416.85446
8595215:0:2,8595215,0.0
8595986,8593816,469.9913
8595986,8588843,468.81085
8595986,8591936,373.22083
8595986,8595148,345.73483
8595986,8595516,279.40845
8595986,8593817,172.99379
8596053,8501213,432.8008
8596053,8591945,280.04782
8596053,8591944,423.90933
8596053,8591950,397.21518
Parent8501160,8501160:0:2,0.0
Parent8501160,8592001,256.99756
Parent8501160,8501181:0:1,424.9779
Parent8501160,8592035,471.3363
Parent8501160,8592135,406.20203
Parent8501160,Parent8501181,424.9779
Parent8501160,8592060,450.63678
Parent8501160,8592134,445.84372
Parent8501160,8592041,406.62125
Parent8501160,8579253,470.48544
Parent8501160,8590442,457.98996
Parent8501160,8592120,261.2718
Parent8501160,8591818,467.92545
Parent8501160,8591988,253.72694
Parent8501160,8592098,142.78746
Parent8501160,8592133,249.72884
Parent8501160,8592004,363.8231
Parent8501160,8592125,426.65997
Parent8501160,8501181:0:2,424.9779
Parent8501160,8592010,103.47198
Parent8501160,8501181,424.9779
Parent8501160,8592096,128.20598
Parent8501160,8592122,412.76816
Parent8501160,8501160,0.0
Parent8501160,8592011,114.094025
Parent8501160,8501160:0:1,0.0
Parent8570420,8557026,347.65323
Parent8570420,8570420:0:D,0.0
Parent8570420,8570420:0:A,0.0
Parent8570420,8570420:0:B,0.0
Parent8570420,8570420:0:C,0.0
Parent8570420,8581429,265.48236
8501118:0:3,8588838,189.92113
8501118:0:3,8501118:0:5,13.395679
8501118:0:3,8592209,490.22867
8501118:0:3,8530749,261.08008
8501118:0:3,8588983,132.59084
8501118:0:3,8593866,334.93845
8501118:0:3,8588839,351.20102
8501118:0:3,8501118:0:4,7.944703
8501118:0:3,8592202,296.96655
8501118:0:3,Parent8501118,179.58118
8501118:0:3,8592213,437.2132
8501118:0:3,8501118:0:1,11.933742
8501118:0:3,8501118:0:2,3.6065304
8501118:0:3,8593869,340.4056
8501170,8501170:0:1,0.0
8501218,8588838,441.4154
8501218,8591933,393.30023
8501218,8591953,431.1045
8501218,8510721,148.48877
8501218,8530749,345.5665
8501218,8588983,458.84863
8501218,Parent8501118,417.50174
8501218,8593815,477.6635
8501218,8593869,279.44388
8501218,8591958,334.12366
8504173,8592228,493.6106
8504173,8592232,456.21677
8504758,8557141,118.057755
8504758,8595474,438.85382
8504758,8504166,386.70743
8573634,8570164,415.40988
8573634,8507540,266.63123
8573634,8504178,230.3871
8588445,8588446,259.95358
8588445,8588443,208.61838
8588445,Parent8504000,488.9993
8588445,8588445:0:B,31.059755
8588445,Parent8588445,0.0
8588445,8501121:0:2,91.81998
8588445,8588445:0:D,42.58777
8588445,8592182,432.1041
8588445,Parent8501121,83.306465
8588445,8588442,388.05087
8588445,8588439,492.0052
8588445,8501121:0:1,96.162285
8588445,8504000,488.9993
8588445,8588440,414.2436
8588445,8592188,244.97061
8591939,8591935,289.94775
8591939,8593816,494.79523
8591939,8593815,276.599
8591939,8591958,418.11288
8591983,8592080,399.1555
8591983,8592064,359.61868
8591983,8592075,179.3389
8591983,8592046,452.91354
8591983,8592110,250.92438
8591983,8592097,492.4821
8591983,8592121,263.95294
8591983,8592044,184.02975
8591991,8579254,305.38974
8591991,8592051,176.11052
8591991,8592050:0:F,474.35806
8591991,8591979,480.8946
8591991,8592074,284.6592
8591991,8589523,155.09122
8591991,8592072,338.59723
8591991,8579237,324.7859
8591991,8592038,476.71356
8592021,8593844,284.3683
8592021,8592106,144.50392
8592021,8501208,241.66927
8592021,8592080,353.74295
8592021,8501207,276.11813
8592021,8592022,487.63336
8592021,8592044,499.32138
8592021,8592105,433.53693
8592101,8592002,345.25137
8592126,8592136,255.70467
8592126,8592042,448.91202
8592126,8579255,366.85056
8592126,8592031,328.458
8592126,8592008,403.14526
8592126,8592131,354.9344
8592128,8579239:0:E,361.88663
8592128,8591964,487.01062
8592128,Parent8579239,361.88663
8592128,8591971,355.41504
8592128,8579239:0:B,344.07404
8592128,8579239,361.88663
8592161,8579260,172.52316
8592161,8509297,446.4096
8592161,8592146,426.0455
8592161,8588438,261.41605
8592164,8592156,269.75674
8592164,Parent8501122,329.13016
8592164,8593861,300.1616
8592164,8501122:0:2,297.30527
8592164,8501122:0:1,291.72052
8592164,8592158,428.06995
8592164,8501318,322.36685
8592164,8592150,413.04544
8592164,8592160,373.67648
8592164,8592154,129.75351
8592208,8592178,234.75595
8592208,8592206,204.88486
8592208,8592212,245.24117
8592208,8592222,228.41568
8593795,Parent8504010,380.4199
8593795,8504010:0:2,324.07773
8593795,8504010:0:1,328.78653
8593795,8595191,377.54117
8593795,8591976,385.63293
8593795,8504010,380.4199
8595192,8588446,267.47632
8595192,8595191,439.51694
8595192,8592195,408.2086
8595192,8588448,400.60535
8595192,8593850,229.75258
8595192,8588447,167.6007
8595192,Parent8501121,442.50073
8501117:0:3,Parent8501117,105.19757
8501117:0:3,8595216,68.211555
8501117:0:3,8595217,342.1612
8501117:0:3,Parent8595216,68.211555
8501117:0:3,8501117:0:4,6.1409984
8501117:0:3,8581914,73.827286
8501117:0:3,8581918,347.69064
8501117:0:3,Parent8595214,212.00623
8501117:0:3,8595214,212.00623
8501117:0:3,8595214:0:1,212.00623
8501117:0:3,8501117:0:1,46.606472
8530749,8588838,96.75792
8530749,8510721,249.76454
8530749,8501118:0:5,262.41724
8530749,8501118:0:3,261.08008
8530749,8501218,345.5665
8530749,8588983,136.665
8530749,8593866,440.02548
8530749,8588839,240.16792
8530749,8501118:0:4,261.3408
8530749,8592202,421.09384
8530749,Parent8501118,82.168846
8530749,8510421,383.1159
8530749,8501118:0:1,260.34354
8530749,8501118:0:2,260.83646
8530749,8592214,454.12573
8530749,8593869,175.98788
8570420:0:D,8557026,347.65323
8570420:0:D,Parent8570420,0.0
8570420:0:D,8570420:0:A,0.0
8570420:0:D,8570420:0:B,0.0
8570420:0:D,8570420:0:C,0.0
8570420:0:D,8581429,265.48236
8579245,8592065,417.62305
8579245,8592025,230.87833
8579245,8592127,409.12683
8579245,8592002,363.43973
8579254,8501120:0:8,441.93588
8579254,8501181:0:1,289.19604
8579254,Parent8501181,289.19604
8579254,8501120:0:5,441.93588
8579254,8591991,305.38974
8579254,8501120:0:3,441.93588
8579254,8592051,394.6207
8579254,Parent8501120,441.93588
8579254,8592050:0:F,262.26617
8579254,8592050:0:H,352.99582
8579254,8579253,297.5883
8579254,8590442,427.44284
8579254,8591818,254.26804
8579254,8591988,468.80905
8579254,8592020,434.53586
8579254,8501120:0:70,441.93588
8579254,8501120:0:6,441.93588
8579254,8592050:0:C,352.99582
8579254,8592050,352.99582
8579254,8589523,313.95355
8579254,8592050:0:D,352.99582
8579254,8592072,289.8549
8579254,8501181:0:2,289.19604
8579254,8501120:0:7,441.93588
8579254,8501120:0:1,441.93588
8579254,8501120,441.93588
8579254,8501181,289.19604
8579254,Parent8592050,352.99582
8579254,8501120:0:4,441.93588
8587547,8587548,489.60785
8587547,8592073,245.7078
8591935,8591930,443.39224
8591935,8591939,289.94775
8591965,8591966,274.8935
8591965,8593821,112.38751
8591965,8591967,216.987
8592019,8592055,431.10898
8592019,8592089,380.32587
8592019,8592081,419.07657
8592019,8592066,492.1978
8592019,8593249,447.1769
8592019,8592092,205.04198
8592019,8592137,359.49933
8592040,8501120:0:8,282.97427
8592040,8501120:0:5,282.97427
8592040,8592134,429.33273
8592040,8501120:0:3,282.97427
8592040,Parent8501120,282.97427
8592040,8592050:0:H,361.19833
8592040,8591985,421.29785
8592040,8501120:0:70,282.97427
8592040,8592027,131.48639
8592040,8501120:0:6,282.97427
8592040,8592028,472.17062
8592040,8592050:0:C,361.19833
8592040,8592050,361.19833
8592040,8592024,373.84
8592040,8592050:0:D,361.19833
8592040,8592052,273.17627
8592040,8501120:0:7,282.97427
8592040,8501120:0:1,282.97427
8592040,8501120,282.97427
8592040,8592079,499.2179
8592040,Parent8592050,361.19833
8592040,8501120:0:4,282.97427
8592062,8592186,442.22888
8592062,8591979,257.76593
8592062,8592020,403.73038
8592062,8592072,484.01538
8592062,8592077,182.78444
8592062,8592039,383.99518
8592062,8592079,413.5532
8592062,8592084,362.5543
8592086,8591986,114.02841
8592086,8592061,280.30338
8592086,8595933,480.0933
8592086,8501075,276.10196
8592088,8592056,380.77133
8592088,8592116,301.02612
8592088,8591987,262.57642
8592088,8591998,464.68356
8592088,8591996,315.84766
8592088,8592057,448.8415
8592090,8591985,384.6551
8592090,8591989,287.76175
8592118,8579238:0:D,301.92072
8592118,8592099,210.63805
8592118,8579238,301.92072
8592118,8592127,491.8672
8592118,8592048,485.07605
8592118,8592008,326.47333
8592118,8592131,339.06223
8592146,8509297,229.38832
8592146,8592161,426.0455
8592146,8593856,382.07516
8592146,Parent8504003,405.3188
8592146,8504003,405.3188
8592146,8504003:0:1,330.0033
8592146,8504003:0:2,334.77408
8592146,8592153,251.6842
8592186,8592193,218.97028
8592186,8592062,442.22888
8592186,8592029,276.70972
8592186,8592197,403.6697
8592186,8592077,313.75592
8592186,8592084,435.26437
8592231,8592229,241.14217
8593838,8593837,97.63328
8593838,8592068,137.39127
8593838,8592080,336.84747
8593838,8595938,223.3023
8593838,8592044,409.67462
8593838,8595935,226.75702
8594178,8581922,460.49344
8594178,8581924,491.6925
8594178,8594177,266.39297
8594178,8581916,220.40225
8595521,8592219,362.8501
8595521,8595602,457.08865
8595521,8592210,467.3232
8595521,8595937,499.13864
8595521,8501211,354.72778
8595521,8501210,186.12126
Parent8501117,8501117:0:3,105.19757
Parent8501117,8595216,71.56856
Parent8501117,8595217,423.7774
Parent8501117,Parent8595216,71.56856
Parent8501117,8501117:0:4,106.189545
Parent8501117,8581914,37.143276
Parent8501117,8581918,270.6698
Parent8501117,Parent8595214,316.14606
Parent8501117,8595214,316.14606
Parent8501117,8595214:0:1,316.14606
Parent8501117,8501117:0:1,58.822144
8501162,8592173,327.7927
8501162,Parent8501162,0.0
8501162,8592124,359.65018
8501162,8592107,271.74353
8501162,8501162:0:1,0.0
8501162,8501162:0:2,0.0
8501162,8591993,280.13507
8501162,8592187,444.49194
8501162,8592087,455.72186
8501162,8592181,197.33751
8501168:0:1,8501168,0.0
8504010:0:1,Parent8504010,57.86931
8504010:0:1,8592149,182.00235
8504010:0:1,8504010:0:2,8.312039
8504010:0:1,8593795,328.78653
8504010:0:1,8591976,82.4872
8504010:0:1,8504010,57.86931
8504010:0:1,8592151,334.10965
8510575,8504176,300.68185
8510575,8591982,227.04022
8510575,8590442,475.13663
8510575,8592138,492.11368
8510575,8592091,425.12643
8510575,8589523,396.40466
8510575,8579237,390.07468
8510575,8592017,361.56955
8570064,8501169:0:2,326.07803
8570064,Parent8501169,326.07803
8570064,8501169:0:1,326.07803
8570064,8570063,317.04727
8570064,8501169,326.07803
8570168,8570169,235.76375
8570168,8570167,282.60825
8570169,8570168,235.76375
8570169,8570167,495.6879
8570462,8505530,52.43145
8570462,8581429,408.56326
8579248,8579249,367.2259
8588443,8588446,463.83542
8588443,8588445,208.61838
8588443,8588445:0:B,177.62608
8588443,Parent8588445,208.61838
8588443,8592190,457.66687
8588443,8501121:0:2,209.55713
8588443,8588445:0:D,166.5497
8588443,8592182,223.49652
8588443,Parent8501121,271.34735
8588443,8588442,201.8519
8588443,8588441,444.9124
8588443,8501121:0:1,192.01581
8588443,8588440,395.6932
8588443,8592188,275.13358
8588983,8588838,103.05319
8588983,8510721,382.2503
8588983,8501118:0:5,137.4605
8588983,8501118:0:3,132.59084
8588983,8501218,458.84863
8588983,8530749,136.665
8588983,8593866,338.09265
8588983,8588839,301.4906
8588983,8501118:0:4,134.91628
8588983,8592202,368.0453
8588983,Parent8501118,56.405144
8588983,8510421,459.41943
8588983,8501118:0:1,129.15437
8588983,8501118:0:2,131.4823
8588983,8593869,216.24394
8591980,8592001,473.51193
8591980,8592119,108.10055
8591980,8592035,237.2857
8591980,8592041,451.68063
8591980,8592078,495.15836
8591980,8592109,223.35127
8591980,8592032,376.03088
8591980,8592104,251.06805
8591980,8591992,379.41217
8591980,8591984,342.73914
8591980,8592036,384.56335
8592070,8587929,195.86545
8592070,8509491,353.6334
8592132,8592085,248.49907
8592132,8592003,223.47871
8592132,8592076,421.4579
8592132,8592082,254.30959
8592132,8592116,316.34012
8592132,8592111,137.85037
8592132,8592033,433.84543
8592132,8592047,357.54553
8592132,8592053,389.0152
8592143,8593249,327.47824
8592143,8592140,404.09262
8592198,8592172,360.73767
8592198,8592182,466.55844
8592198,8588442,436.95917
8592198,8588441,313.03168
8592198,8592170,240.73335
8592223,8592210,434.0715
8592223,8592211,495.63965
8592223,8592221,380.52817
8592223,8592218,494.5372
8594987,8594986,366.1314
8594987,8595602,356.69028
8594987,8501212,136.30777
8594987,8510422,418.5627
8594987,8501211,465.64798
8595216,8501117:0:3,68.211555
8595216,Parent8501117,71.56856
8595216,8595217,352.62076
8595216,Parent8595216,0.0
8595216,8501117:0:4,64.907234
8595216,8581914,66.16995
8595216,8581918,341.3662
8595216,Parent8595214,259.36072
8595216,8595214,259.36072
8595216,8595214:0:1,259.36072
8595216,8501117:0:1,49.61537
8595217,8595215:0:2,263.42966
8595217,8501117:0:3,342.1612
8595217,Parent8501117,423.7774
8595217,8595216,352.62076
8595217,Parent8595216,352.62076
8595217,8501117:0:4,337.34085
8595217,8581914,406.98218
8595217,Parent8595215,263.42966
8595217,8595215:0:1,263.42966
8595217,Parent8595214,205.852
8595217,8595214,205.852
8595217,8595214:0:1,205.852
8595217,8595215,263.42966
8595217,8501117:0:1,378.99133
Parent8501169,8501169:0:2,0.0
Parent8501169,8570064,326.07803
Parent8501169,8501169:0:1,0.0
Parent8501169,8570063,67.72326
Parent8501169,8501169,0.0
8501120:0:3,8501120:0:8,0.0
8501120:0:3,8501181:0:1,455.43802
8501120:0:3,Parent8501181,455.43802
8501120:0:3,8501120:0:5,0.0
8501120:0:3,8579254,441.93588
8501120:0:3,8592040,282.97427
8501120:0:3,Parent8501120,0.0
8501120:0:3,8592050:0:F,236.71092
8501120:0:3,8592050:0:H,99.84084
8501120:0:3,8579253,336.9602
8501120:0:3,8591818,406.3532
8501120:0:3,8592020,339.15115
8501120:0:3,8501120:0:70,0.0
8501120:0:3,8592027,361.37332
8501120:0:3,8501120:0:6,0.0
8501120:0:3,8592050:0:C,99.84084
8501120:0:3,8592050,99.84084
8501120:0:3,8592050:0:D,99.84084
8501120:0:3,8592072,437.97305
8501120:0:3,8501181:0:2,455.43802
8501120:0:3,8592052,208.01761
8501120:0:3,8501120:0:7,0.0
8501120:0:3,8501120:0:1,0.0
8501120:0:3,8501120,0.0
8501120:0:3,8501181,455.43802
8501120:0:3,8592079,329.20386
8501120:0:3,Parent8592050,99.84084
8501120:0:3,8501120:0:4,0.0
8501217,8591933,286.54248
8501217,8591953,495.2772
8501217,8591948,352.99796
8501217,8591960,450.37405
8501217,8593867,495.7987
8501217,8507227,362.96252
8501217,8588873,444.9821
8501217,8593868,336.07602
8501245,8588158,291.31485
8504000:0:2,Parent8504000,75.93089
8504000:0:2,8592190,225.01889
8504000:0:2,8501121:0:2,423.34534
8504000:0:2,8592196,47.38472
8504000:0:2,8588447,494.84348
8504000:0:2,Parent8501121,468.08115
8504000:0:2,8592183,342.67197
8504000:0:2,8504000:0:1,8.12372
8504000:0:2,8501121:0:1,422.13483
8504000:0:2,8504000,75.93089
8504000:0:2,8592188,272.55283
8588452,8588451,438.05542
8588846,8595978,164.64772
8591948,8591953,285.06332
8591948,8501217,352.99796
8591948,8591955,205.02205
8591948,8591960,407.5298
8591948,8591957,367.80307
8591954,8591961,422.6617
8591954,8591952,290.09195
8591954,8591946,247.74388
8591954,8591956,497.42685
8591954,8591947,315.06842
8591954,8591949,245.10126
8591954,8591951,241.89828
8591978,8588431,246.41263
8591978,8592136,255.98457
8591978,8592042,174.04921
8591978,8579255,409.45813
8592003,8592085,122.10362
8592003,8592034,404.48914
8592003,8592132,223.47871
8592003,8592076,199.45743
8592003,8592082,430.52908
8592003,8592116,291.27304
8592003,8592111,279.82712
8592003,8592033,235.02333
8592003,8592053,333.856
8592016,8592115,417.99225
8592016,8592063,230.76189
8592016,8592137,425.3233
8592051,8592009,494.92682
8592051,8591991,176.11052
8592051,8579254,394.6207
8592051,8592050:0:F,465.6894
8592051,8591979,326.90274
8592051,8592020,467.98065
8592051,8592074,253.23688
8592051,8589523,330.81027
8592051,8592072,274.2857
8592051,8579237,427.7299
8592051,8592038,333.2699
8592199,8592189,370.06903
8592199,8501319,390.4205
8592199,8592195,225.34714
8592199,8588439,332.4348
8592199,8592168,452.7829
8592226,8510528,261.27606
8592226,8595223,161.00392
8592226,8588157,395.03568
8592226,8510727,327.83112
8595191,8592189,373.59515
8595191,8593795,377.54117
8595191,8595192,439.51694
8595191,8592195,440.5734
8595191,8593850,223.43591
Parent8501120,8501120:0:8,0.0
Parent8501120,8501181:0:1,455.43802
Parent8501120,Parent8501181,455.43802
Parent8501120,8501120:0:5,0.0
Parent8501120,8579254,441.93588
Parent8501120,8592040,282.97427
Parent8501120,8501120:0:3,0.0
Parent8501120,8592050:0:F,236.71092
Parent8501120,8592050:0:H,99.84084
Parent8501120,8579253,336.9602
Parent8501120,8591818,406.3532
Parent8501120,8592020,339.15115
Parent8501120,8501120:0:70,0.0
Parent8501120,8592027,361.37332
Parent8501120,8501120:0:6,0.0
Parent8501120,8592050:0:C,99.84084
Parent8501120,8592050,99.84084
Parent8501120,8592050:0:D,99.84084
Parent8501120,8592072,437.97305
Parent8501120,8501181:0:2,455.43802
Parent8501120,8592052,208.01761
Parent8501120,8501120:0:7,0.0
Parent8501120,8501120:0:1,0.0
Parent8501120,8501120,0.0
Parent8501120,8501181,455.43802
Parent8501120,8592079,329.20386
Parent8501120,Parent8592050,99.84084
Parent8501120,8501120:0:4,0.0
Parent8501162,8592173,327.7927
Parent8501162,8501162,0.0
Parent8501162,8592124,359.65018
Parent8501162,8592107,271.74353
Parent8501162,8501162:0:1,0.0
Parent8501162,8501162:0:2,0.0
Parent8501162,8591993,280.13507
Parent8501162,8592187,444.49194
Parent8501162,8592087,455.72186
Parent8501162,8592181,197.33751
Parent8595216,8501117:0:3,68.211555
Parent8595216,Parent8501117,71.56856
Parent8595216,8595216,0.0
Parent8595216,8595217,352.62076
Parent8595216,8501117:0:4,64.907234
Parent8595216,8581914,66.16995
Parent8595216,8581918,341.3662
Parent8595216,Parent8595214,259.36072
Parent8595216,8595214,259.36072
Parent8595216,8595214:0:1,259.36072
Parent8595216,8501117:0:1,49.61537
8504171,8587549,230.30653
8504171,8591968,298.55142
8504171,8592130,382.38474
8579233,8579234,223.96461
8579233,8501215,331.1975
8579233,8591944,428.49164
8579233,8501214,58.444954
8581924,8581922,162.24199
8581924,8594178,491.6925
8581924,8594177,225.49496
8581924,8581916,307.33157
8581924,8591931,361.60303
8581924,8581921,305.14255
8587548,8587547,489.60785
8587548,8592073,244.11975
8587548,8592015,436.9
8591964,8592128,487.01062
8591964,8591971,270.2285
8591994,8595005,429.91187
8591994,8591996,406.83118
8591994,8592000,438.54422
8592050:0:F,8501120:0:8,236.71092
8592050:0:F,8501181:0:1,422.53848
8592050:0:F,Parent8501181,422.53848
8592050:0:F,8501120:0:5,236.71092
8592050:0:F,8591991,474.35806
8592050:0:F,8579254,262.26617
8592050:0:F,8501120:0:3,236.71092
8592050:0:F,8592051,465.6894
8592050:0:F,Parent8501120,236.71092
8592050:0:F,8592050:0:H,194.06259
8592050:0:F,8579253,345.0624
8592050:0:F,8591818,369.10266
8592050:0:F,8591979,426.33456
8592050:0:F,8592020,206.30312
8592050:0:F,8501120:0:70,236.71092
8592050:0:F,8501120:0:6,236.71092
8592050:0:F,8592050:0:C,194.06259
8592050:0:F,8592050,194.06259
8592050:0:F,8592050:0:D,194.06259
8592050:0:F,8592072,207.80923
8592050:0:F,8501181:0:2,422.53848
8592050:0:F,8592052,354.6935
8592050:0:F,8501120:0:7,236.71092
8592050:0:F,8501120:0:1,236.71092
8592050:0:F,8501120,236.71092
8592050:0:F,8501181,422.53848
8592050:0:F,8592079,302.57434
8592050:0:F,Parent8592050,194.06259
8592050:0:F,8501120:0:4,236.71092
8592050:0:H,8501120:0:8,99.84084
8592050:0:H,8501181:0:1,359.1886
8592050:0:H,Parent8501181,359.1886
8592050:0:H,8501120:0:5,99.84084
8592050:0:H,8579254,352.99582
8592050:0:H,8592040,361.19833
8592050:0:H,8501120:0:3,99.84084
8592050:0:H,Parent8501120,99.84084
8592050:0:H,8592050:0:F,194.06259
8592050:0:H,8579253,244.25124
8592050:0:H,8591818,308.7819
8592050:0:H,8592020,353.54755
8592050:0:H,8501120:0:70,99.84084
8592050:0:H,8592027,453.6327
8592050:0:H,8501120:0:6,99.84084
8592050:0:H,8592050:0:C,0.0
8592050:0:H,8592050,0.0
8592050:0:H,8592050:0:D,0.0
8592050:0:H,8592072,401.55115
8592050:0:H,8501181:0:2,359.1886
8592050:0:H,8592052,303.24695
8592050:0:H,8501120:0:7,99.84084
8592050:0:H,8501120:0:1,99.84084
8592050:0:H,8501120,99.84084
8592050:0:H,8501181,359.1886
8592050:0:H,8592079,382.65692
8592050:0:H,Parent8592050,0.0
8592050:0:H,8501120:0:4,99.84084
8592065,8579245,417.62305
8592065,8592112,191.93404
8592065,8592025,208.65381
8592065,8592031,392.85074
8592081,8592019,419.07657
8592081,8591977,384.37814
8592081,8592066,273.2983
8592081,8592018,251.24011
